1644.56
1657.38
1669.83
1682.01
1693.14
1704.2
1713.99
1724.65
1735.28
1736.36
1741.85
1748.73
1750.94
1754.36
1765.37
1771.96
1773.18
1771.06
1772.57
1776.93
1776.9
1773.92
1774.67
1781.01
1786.83
1793.15
1798.65
1803.01
1808.2
1813.32
1822.53
1833.99
1842.82
1849.66
1849.66
1849.66
1849.66
1849.66
1849.66
1849.66
1849.66
1849.66
1849.66
1849.66
1849.66
1849.66
1849.66
1849.66
1849.66
1849.66
1849.66
1849.66
1849.66
1849.66
1849.66
1849.66
1849.66
1849.66
1849.66
1849.66
1849.66
1849.66
1849.66
1849.66
1849.66
1849.66
1849.66
1849.66
1849.66
1849.66
1849.66
1849.66
1849.66
1849.66
1849.66
1849.66
1849.66
1849.66
1849.66
1849.66
1849.66
1849.66
1849.66
1849.66
1849.66
1849.66
1849.66
1849.66
1849.66
1849.66
1849.66
1849.66
1849.66
1849.66
1849.66
1849.66
1849.66
1849.66
1849.66
1849.66
1849.66
1849.66
1849.66
1849.66
1849.66
1849.66
1849.66
1849.66
1849.66
1849.66
1849.66
1849.66
1849.66
1849.66
1849.66
1849.66
1849.66
1849.66
1849.66
1849.66
1849.66
1849.66
1849.66
1849.66
1849.66
1849.66