338.8
339.99
340.76
342.43
343.98
345.46
346.88
348.61
351.14
352.78
353.97
355.29
355.99
356.71
358.2
360.02
361.79
362.9
365.55
367.63
368.81
370.41
372.41
374.96
376.78
378.81
380.93
382.68
384.78
386.28
388.56
390.44
392.45
395.19
397.11
399.41
402.83
404.98
404.98
404.98
404.98
404.98
404.98
404.98
404.98
404.98
404.98
404.98
404.98
404.98
404.98
404.98
404.98
404.98
404.98
404.98
404.98
404.98
404.98
404.98
404.98
404.98
404.98
404.98
404.98
404.98
404.98
404.98
404.98
404.98
404.98
404.98
404.98
404.98
404.98
404.98
404.98
404.98
404.98
404.98
404.98
404.98
404.98
404.98
404.98
404.98
404.98
404.98
404.98
404.98
404.98
404.98
404.98
404.98
404.98
404.98
404.98
404.98
404.98
404.98
404.98
404.98
404.98
404.98
404.98
404.98
404.98
404.98
404.98
404.98
404.98
404.98
404.98
404.98
404.98
404.98
404.98
404.98
404.98
404.98
404.98
404.98
404.98
404.98
404.98
404.98
404.98
404.98
404.98
404.98