314.8218333
315.7154167
316.6411667
317.30425
318.04775
318.6214167
319.25
320.2891667
320.9595
321.8478333
322.55125
323.3623333
324.30925
325.1973333
326.0281667
327.09225
328.103
328.8786667
329.9553333
329.9553333
329.9553333
329.9553333
329.9553333
329.9553333
329.9553333
329.9553333
329.9553333
329.9553333
329.9553333
329.9553333
329.9553333
329.9553333
329.9553333
329.9553333
329.9553333
329.9553333
329.9553333
329.9553333
329.9553333
329.9553333
329.9553333
329.9553333
329.9553333
329.9553333
329.9553333
329.9553333
329.9553333
329.9553333
329.9553333
329.9553333
329.9553333
329.9553333
329.9553333
329.9553333
329.9553333
329.9553333
329.9553333
329.9553333
329.9553333
329.9553333
329.9553333
329.9553333
329.9553333
329.9553333
329.9553333
329.9553333
329.9553333
329.9553333
329.9553333
329.9553333
329.9553333
329.9553333
329.9553333
329.9553333
329.9553333
329.9553333
329.9553333
329.9553333
329.9553333
329.9553333
329.9553333
329.9553333
329.9553333
329.9553333
329.9553333
329.9553333
329.9553333
329.9553333
329.9553333
329.9553333
329.9553333
329.9553333
329.9553333
329.9553333
329.9553333
329.9553333
329.9553333
329.9553333
329.9553333
329.9553333
329.9553333
329.9553333
329.9553333
329.9553333
329.9553333
329.9553333
329.9553333
329.9553333
329.9553333
329.9553333
329.9553333