338.36
339.7275
340.7925
342.1975
343.7825
345.2825
346.7975
348.645
350.7375
352.4875
353.855
355.0175
355.885
356.7775
358.1275
359.8375
361.4625
363.155
365.3225
367.3475
368.865
370.4675
372.5225
374.76
376.8125
378.8125
380.8275
382.7775
384.8
386.9516
389.12785
391.27357
393.4211
395.58283
397.76408
399.96631
402.18432
404.41077
406.64292
408.8817
411.12868
413.37804
415.63944
417.93551
420.27395
422.65593
425.07983
427.53791
430.0206
432.5234
435.04594
437.58886
440.13137
442.66419
445.20699
447.76978
450.35539
452.96337
455.58649
458.2152
460.84499
463.47549
466.09336
468.67807
471.23389
473.78031
476.32819
478.88085
481.43826
483.99308
486.53532
489.06035
491.53558
493.93186
496.24365
498.47436
500.64502
502.76788
504.84729
506.88408
508.87135
510.79905
512.64717
514.40151
516.06461
517.62854
519.09606
520.48828
521.81772
523.08871
524.30217
525.45089
526.50901
527.45707
528.29593
529.02718
529.64253
530.14419
530.55341
530.88313
531.13797
531.31935
531.48991
531.70213
531.94208
532.20472
532.48672
532.77553
533.06978
533.38792
533.74072
534.13086
534.55754
535.01142
535.47962
535.95487
536.4351
536.91986
537.39855
537.87136
538.3583
538.8715
539.38819
539.88381
540.35213
540.78203
541.16804
541.50962
541.80769
542.05261