298
298.65
299.36
300.0825
300.74
301.3825
302.22
303.0975
303.805
304.3975
305.0875
305.7725
306.2625
307.195
308.5075
309.485
310.1125
310.6025
311.0775
311.6025
312.295
313.0475
313.76
314.5325
315.2575
315.85
316.4875
317.245
318.0175
318.71
319.44
320.19967
320.88947
321.58051
322.27296
322.96652
323.66136
324.35776
325.0557
325.75517
326.45616
327.15866
327.86264
328.56811
329.27503
329.98341
330.69322
331.40414
332.11582
332.82825
333.54143
334.25534
334.96997
335.68531
336.40136
337.11811
337.83556
338.5514
339.26337
339.97144
340.67563
341.37592
342.07235
342.76495
343.45375
344.13879
344.82011
345.49546
346.16264
346.82167
347.47259
348.11545
348.7503
349.37722
349.99627
350.60754
351.21109
351.80717
352.39606
352.97782
353.55252
354.12023
354.681
355.23491
355.78201
356.32237
356.85605
357.38243
357.90088
358.41148
358.91428
359.40934
359.89673
360.37652
360.84878
361.31358
361.77097
362.22036
362.66114
363.09336
363.5171
363.93242
364.3394
364.73811
365.12863
365.51103
365.88539
366.2538
366.61836
366.97916
367.33624
367.68968
368.03952
368.38579
368.72852
369.06775
369.4035
369.73581
370.0647
370.39021
370.71236
371.03119
371.34672
371.65898
371.96801
372.27383
372.57648
372.87385
373.16386
373.44653
373.72189
373.98999
374.25087
374.50461
374.75127