1465
1481
1497.25
1513.75
1530.25
1547.75
1566.75
1586.25
1605.845
1623.705
1637.9925
1650.435
1662.2
1673.07
1683.47
1693.63
1703.8175
1711.8
1716.29
1721.0125
1726.35
1730.01
1734.8175
1742.71
1749.2425
1751.0225
1750.7075
1752.1875
1754.76
1755.065
1753.735
1754.5142
1757.2779
1760.3918
1763.7761
1767.0978
1770.3696
1773.634
1776.916
1780.2442
1783.6532
1787.1405
1790.6772
1794.2446
1797.8331
1801.4336
1804.9692
1808.3032
1811.4034
1814.3245
1817.1155
1819.8284
1822.4758
1825.0416
1827.5186
1829.9083
1832.2116
1834.2573
1835.9165
1837.2698
1838.3808
1839.3058
1840.1035
1840.7918
1841.3593
1841.8029
1842.1277
1842.2412
1841.988
1841.3496
1840.4075
1839.2273
1837.8661
1836.3831
1834.7965
1833.0944
1831.2756
1829.2097
1826.7763
1823.9312
1820.661
1817.0522
1813.1751
1809.0911
1804.8626
1800.5112
1796.029
1791.3398
1786.3824
1781.1776
1775.6742
1769.8516
1763.7874
1757.5445
1751.1765
1744.7388
1738.2476
1731.6149
1724.7672
1717.7215
1710.4939
1703.0317
1695.3121
1687.4256
1679.5515
1671.8286
1664.2839
1657.1219
1650.4938
1644.3245
1638.5564
1633.1396
1627.9657
1622.9629
1618.1547
1613.5543
1609.1698
1605.0136
1601.0651
1597.2813
1593.6308
1590.0932
1586.6513
1583.2279
1579.7777
1576.3458
1572.9651
1569.8136
1567.0533
1564.6447
1562.5289
1560.6601
1559.0055
1557.5365
1556.1674