338.36
339.7275
340.7925
342.1975
343.7825
345.2825
346.7975
348.645
350.7375
352.4875
353.855
355.0175
355.885
356.7775
358.1275
359.8375
361.4625
363.155
365.3225
367.3475
368.865
370.4675
372.5225
374.76
376.8125
378.8125
380.8275
382.7775
384.8
387.01226
389.32416
391.63801
394.00866
396.46384
399.00402
401.62793
404.32819
407.09588
409.92701
412.82151
415.78022
418.79629
421.86439
424.99469
428.19734
431.47473
434.82619
438.24456
441.7208
445.25085
448.83485
452.47359
456.177
459.96398
463.85181
467.85003
471.96047
476.18237
480.50799
484.92724
489.43545
494.03235
498.7297
503.52959
508.43266
513.45614
518.61062
523.90006
529.32418
534.8752
540.54279
546.32201
552.21189
558.2122
564.31311
570.51669
576.84343
583.30471
589.90539
596.64656
603.52045
610.5165
617.60526
624.76367
631.99471
639.29052
646.65274
654.09843
661.64491
669.30474
677.07762
684.95429
692.90196
700.89416
708.93159
717.01548
725.13597
733.30667
741.52368
749.80466
758.1823
766.64451
775.17446
783.75141
792.36578
801.0188
809.71464
818.42214
827.15719
835.95594
844.80471
853.72536
862.72597
871.7768
880.86435
889.98162
899.12407
908.28871
917.47137
926.66527
935.87437
945.13213
954.4662
963.83906
973.2408
982.68037
992.14288
1001.6311
1011.1191
1020.6085