298
298.65
299.36
300.0825
300.74
301.3825
302.22
303.0975
303.805
304.3975
305.0875
305.7725
306.2625
307.195
308.5075
309.485
310.1125
310.6025
311.0775
311.6025
312.295
313.0475
313.76
314.5325
315.2575
315.85
316.4875
317.245
318.0175
318.71
319.44
320.19967
320.89539
321.60419
322.32619
323.06113
323.80912
324.57523
325.36418
326.17584
327.0101
327.86681
328.7458
329.64686
330.5698
331.51441
332.4805
333.466
334.46888
335.48893
336.52597
337.57981
338.65031
339.73729
340.84061
341.96012
343.09567
344.24737
345.41535
346.59946
347.79956
349.01549
350.24713
351.49431
352.75691
354.03477
355.32775
356.63072
357.93854
359.25107
360.56817
361.88975
363.21573
364.54606
365.88072
367.21965
368.56281
369.90868
371.25575
372.60399
373.95334
375.30378
376.65529
378.00786
379.36147
380.71612
382.07179
383.42735
384.78169
386.13478
387.48663
388.83723
390.18657
391.53468
392.88155
394.2272
395.57163
396.9159
398.26104
399.60708
400.954
402.30182
403.65053
405.00013
406.3506
407.70193
409.05411
410.40833
411.7658
413.12648
414.49039
415.85749
417.22777
418.60119
419.97772
421.35734
422.74001
424.12308
425.50393
426.88253
428.25884
429.63285
431.00457
432.37401
433.7412
435.10615
436.46888
437.8244
439.16769
440.49879
441.81772
443.12452
444.41927
445.70209
446.97308