1465
1481
1497.25
1513.75
1530.25
1547.75
1566.75
1586.25
1605.845
1623.705
1637.9925
1650.435
1662.2
1673.07
1683.47
1693.63
1703.8175
1711.8
1716.29
1721.0125
1726.35
1730.01
1734.8175
1742.71
1749.2425
1751.0225
1750.7075
1752.1875
1754.76
1755.065
1753.735
1754.512
1758.046
1763.4195
1770.4425
1778.6749
1788.0274
1798.6137
1810.5166
1823.6553
1837.9657
1853.3544
1869.7086
1886.932
1904.9443
1923.671
1942.9669
1962.6522
1982.667
2003.0226
2023.7269
2044.7958
2066.2057
2087.9036
2109.849
2132.0135
2154.3675
2177.3915
2201.5638
2226.8476
2253.1982
2280.5735
2308.9451
2338.2441
2368.3713
2399.2445
2430.7994
2463.0464
2495.8939
2529.2211
2563.0514
2597.397
2632.2674
2667.6834
2703.6131
2739.9847
2776.7447
2813.242
2848.8704
2883.5673
2917.3139
2950.2507
2982.4981
3014.164
3045.3612
3076.1345
3106.4763
3135.8246
3163.6749
3190.1288
3215.1494
3238.7451
3261.1038
3282.3905
3302.7529
3322.3407
3341.2273
3359.5415
3377.4134
3394.863
3411.9104
3428.4336
3444.364
3459.8338
3474.9586
3489.8387
3504.576
3519.3467
3534.256
3549.2595
3564.3348
3579.4623
3594.4751
3609.2644
3623.9383
3638.5919
3653.3103
3667.6148
3680.9857
3693.4499
3705.0444
3715.8238
3725.8411
3734.9887
3743.2127
3750.6846
3757.5653
3763.718
3769.0269
3773.5841
3777.4049
3780.5142
3782.9561
3784.775
3785.8519